shift,flavor,cos_zen,depth,a,b,x1,k1,c
base,mu,0.0,1.4,13.237241183242697,1.4696864291306366,122.55630483099225,0.4581075279855942,0.11788530172466832
p2,mu,0.0,1.4,44.10689573540092,1.4696864291306366,366.28505254388665,0.4581075279855942,0.11788530172466832
m2,mu,0.0,1.4,3.97634481759523,1.4696864291306366,49.43768051712392,0.4581075279855942,0.11788530172466832
base,mu,0.0,2.0,7.88660591515816,1.1176325287064195,127.87656707201067,0.6754462582573613,0.15263000057908035
p2,mu,0.0,2.0,132.41813741715828,1.1176325287064195,1391.604780792067,0.6754462582573613,0.15263000057908035
m2,mu,0.0,2.0,0.1,1.1176325287064195,0.1,0.6754462582573613,0.15263000057908035
base,mu,0.0,2.1,9.200104791307131,1.8183223150722467,73.29276183566243,0.5674429557209576,0.10473458951404642
p2,mu,0.0,2.1,28.08670988547808,1.8183223150722467,263.10677106468285,0.5674429557209576,0.10473458951404642
m2,mu,0.0,2.1,3.5341232630558466,1.8183223150722467,16.348559066956298,0.5674429557209576,0.10473458951404642
base,mu,0.2,1.4,10.785491053430233,1.7424344860206065,113.16277747515979,0.6284700469694886,0.09067924884950003
p2,mu,0.2,1.4,55.06119217173979,1.7424344860206065,763.967286527972,0.6284700469694886,0.09067924884950003
m2,mu,0.2,1.4,0.1,1.7424344860206065,0.1,0.6284700469694886,0.09067924884950003
base,mu,0.2,2.0,13.729577177687744,2.688087166048282,134.57643266784686,0.26719375077779767,0.043343910095610824
p2,mu,0.2,2.0,48.17465249390976,2.688087166048282,1149.148410418653,0.26719375077779767,0.043343910095610824
m2,mu,0.2,2.0,3.3960545828211384,2.688087166048282,0.1,0.26719375077779767,0.043343910095610824
base,mu,0.2,2.1,5.181527178070159,1.784476795306553,93.48737142358364,0.5091219402181333,0.06261495952370234
p2,mu,0.2,2.1,19.636176674108423,1.784476795306553,500.6711569787021,0.5091219402181333,0.06261495952370234
m2,mu,0.2,2.1,0.8451323292586785,1.784476795306553,0.1,0.5091219402181333,0.06261495952370234
base,mu,0.4,1.4,7.521238817119725,1.7093537125041403,72.28671571527175,1.0692914174948045,0.08049258493186531
p2,mu,0.4,1.4,82.90445963639537,1.7093537125041403,1419.6173316046163,1.0692914174948045,0.08049258493186531
m2,mu,0.4,1.4,0.1,1.7093537125041403,0.1,1.0692914174948045,0.08049258493186531
base,mu,0.4,2.0,3.34641312860997,1.7644825828605775,68.94560386856176,0.9584338936272303,0.040725081201394266
p2,mu,0.4,2.0,36.50968580175979,1.7644825828605775,2410.0585514145732,0.9584338936272303,0.040725081201394266
m2,mu,0.4,2.0,0.1,1.7644825828605775,0.1,0.9584338936272303,0.040725081201394266
base,mu,0.4,2.1,5.192244461080925,1.4157262172747747,34.42053401650459,1.225691707348616,0.13597830064942926
p2,mu,0.4,2.1,178.76003111390824,1.4157262172747747,1214.6482898167799,1.225691707348616,0.13597830064942926
m2,mu,0.4,2.1,0.1,1.4157262172747747,0.1,1.225691707348616,0.13597830064942926
base,mu,0.6,1.4,6.460632292280176,1.7633639889108668,84.94491427894874,1.0958862508152138,0.05498637563310711
p2,mu,0.6,1.4,68.64940160615657,1.7633639889108668,2447.489072208819,1.0958862508152138,0.05498637563310711
m2,mu,0.6,1.4,0.1,1.7633639889108668,0.1,1.0958862508152138,0.05498637563310711
base,mu,0.6,2.0,2.7927229130553926,1.2425876997687053,90.27214671005837,1.1675348048871232,0.06716133694765185
p2,mu,0.6,2.0,79.74159604256238,1.2425876997687053,4355.312407958335,1.1675348048871232,0.06716133694765185
m2,mu,0.6,2.0,0.1,1.2425876997687053,0.1,1.1675348048871232,0.06716133694765185
base,mu,0.6,2.1,3.8502019614770857,0.9042593838210934,204.30513331069284,1.8572385796056108,0.0937366241768189
p2,mu,0.6,2.1,213.92139506228577,0.9042593838210934,13245.502639430819,1.8572385796056108,0.0937366241768189
m2,mu,0.6,2.1,0.1,0.9042593838210934,0.1,1.8572385796056108,0.0937366241768189
base,mu,0.8,1.4,4.538473576029775,1.7517073426965861,105.01554668937764,1.0098309978406292,0.03816268203816806
p2,mu,0.8,1.4,53.059196529238186,1.7517073426965861,4152.63415952111,1.0098309978406292,0.03816268203816806
m2,mu,0.8,1.4,0.1,1.7517073426965861,0.1,1.0098309978406292,0.03816268203816806
base,mu,0.8,2.0,237.84197844253626,1.823743842752543,64.95523171199146,1.6313998341492133,0.4662063231768994
p2,mu,0.8,2.0,46744.50826319741,1.823743842752543,5185.4949536860595,1.6313998341492133,0.4662063231768994
m2,mu,0.8,2.0,0.1,1.823743842752543,0.1,1.6313998341492133,0.3
base,mu,0.8,2.1,413.0020224706664,1.5215430566911707,87.64812480288153,2.0983379007121057,0.5157647239248958
p2,mu,0.8,2.1,111273.63646895203,1.5215430566911707,8099.00317124687,2.0983379007121057,0.5157647239248958
m2,mu,0.8,2.1,0.1,1.5215430566911707,0.1,2.0983379007121057,0.3
p1,mu,0.0,1.4,22.498137548890163,1.4696864291306366,195.67492914486058,0.4581075279855942,0.11788530172466832
m1,mu,0.0,1.4,10.150275728026875,1.4696864291306366,98.1834300597028,0.4581075279855942,0.11788530172466832
p1,mu,0.0,2.0,45.2460653657582,1.1176325287064195,506.9950311880276,0.6754462582573613,0.15263000057908035
m1,mu,0.0,2.0,0.1,1.1176325287064195,1.5037457000050267,0.6754462582573613,0.15263000057908035
p1,mu,0.0,2.1,14.866086319558416,1.8183223150722467,130.23696460436855,0.5674429557209576,0.10473458951404642
m1,mu,0.0,2.1,7.3114442818900365,1.8183223150722467,54.31136091276039,0.5674429557209576,0.10473458951404642
p1,mu,0.2,1.4,24.0682013889231,1.7424344860206065,308.4041301910034,0.6284700469694886,0.09067924884950003
m1,mu,0.2,1.4,6.357920941599278,1.7424344860206065,48.082326569878575,0.6284700469694886,0.09067924884950003
p1,mu,0.2,2.0,24.063099772554352,2.688087166048282,438.9480259930887,0.26719375077779767,0.043343910095610824
m1,mu,0.2,2.0,10.285069646065542,2.688087166048282,33.119234892766244,0.26719375077779767,0.043343910095610824
p1,mu,0.2,2.1,9.517922026881639,1.784476795306553,215.64250709011918,0.5091219402181333,0.06261495952370234
m1,mu,0.2,2.1,3.736062228466332,1.784476795306553,52.76899286807179,0.5091219402181333,0.06261495952370234
p1,mu,0.4,1.4,30.13620506290242,1.7093537125041403,476.48590048207507,1.0692914174948045,0.08049258493186531
m1,mu,0.4,1.4,0.1,1.7093537125041403,0.1,1.0692914174948045,0.08049258493186531
p1,mu,0.4,2.0,13.295394930554917,1.7644825828605775,771.2794881323653,0.9584338936272303,0.040725081201394266
m1,mu,0.4,2.0,0.1,1.7644825828605775,0.1,0.9584338936272303,0.040725081201394266
p1,mu,0.4,2.1,57.26258045692912,1.4157262172747747,388.4888607565871,1.225691707348616,0.13597830064942926
m1,mu,0.4,2.1,0.1,1.4157262172747747,0.1,1.225691707348616,0.13597830064942926
p1,mu,0.6,1.4,25.117263086443092,1.7633639889108668,793.7081616579098,1.0958862508152138,0.05498637563310711
m1,mu,0.6,1.4,0.24175536089253757,1.7633639889108668,0.1,1.0958862508152138,0.05498637563310711
p1,mu,0.6,2.0,25.877384851907493,1.2425876997687053,1369.7842250845415,1.1675348048871232,0.06716133694765185
m1,mu,0.6,2.0,0.1,1.2425876997687053,0.1,1.1675348048871232,0.06716133694765185
p1,mu,0.6,2.1,66.87155989171968,0.9042593838210934,4116.664385146732,1.8572385796056108,0.0937366241768189
m1,mu,0.6,2.1,0.1,0.9042593838210934,0.1,1.8572385796056108,0.0937366241768189
p1,mu,0.8,1.4,19.0946904619923,1.7517073426965861,1319.3011305388975,1.0098309978406292,0.03816268203816806
m1,mu,0.8,1.4,0.1,1.7517073426965861,0.1,1.0098309978406292,0.03816268203816806
p1,mu,0.8,2.0,14189.841863869,1.823743842752543,1601.1171483042117,1.6313998341492133,0.4662063231768994
m1,mu,0.8,2.0,0.1,1.823743842752543,0.1,1.6313998341492133,0.3
p1,mu,0.8,2.1,33671.19235641508,1.5215430566911707,2491.0546387360787,2.0983379007121057,0.5157647239248958
m1,mu,0.8,2.1,0.1,1.5215430566911707,0.1,2.0983379007121057,0.3
base,e,0.0,1.4,6.991886471746364,1.4847384261128795,138.04111539807136,0.63286553409782,0.08275588243529738
p2,e,0.0,1.4,34.817919958523824,1.4847384261128795,850.1761848134976,0.63286553409782,0.08275588243529738
m2,e,0.0,1.4,0.1,1.4847384261128795,0.1,0.63286553409782,0.08275588243529738
base,e,0.0,2.0,27.150855165446202,2.17248358445547,44.274988342200025,0.8446754460225565,0.21028126352595036
p2,e,0.0,2.0,47232.84248199993,2.17248358445547,64338.178333564225,0.8446754460225565,0.21028126352595036
m2,e,0.0,2.0,0.1,2.17248358445547,0.1,0.8446754460225565,0.21028126352595036
base,e,0.0,2.1,9.802537664706675,2.3063278764339405,68.08959285332355,0.4760856232445801,0.06417936477127568
p2,e,0.0,2.1,36.30851070981838,2.3063278764339405,583.9521185502356,0.4760856232445801,0.06417936477127568
m2,e,0.0,2.1,1.8507457511731635,2.3063278764339405,0.1,0.4760856232445801,0.06417936477127568
base,e,0.2,1.4,9.801668015444632,1.891663990253761,109.15333282670733,0.6923233835042774,0.06529432970029954
p2,e,0.2,1.4,81.29401514006652,1.891663990253761,1905.66771810753,0.6923233835042774,0.06529432970029954
m2,e,0.2,1.4,0.1,1.891663990253761,0.1,0.6923233835042774,0.06529432970029954
base,e,0.2,2.0,10.542445867885148,2.139635583539658,106.2528801919042,0.49572533476114133,0.05921350820013424
p2,e,0.2,2.0,85.49093455127475,2.139635583539658,2012.7653416546948,0.49572533476114133,0.05921350820013424
m2,e,0.2,2.0,0.1,2.139635583539658,0.1,0.49572533476114133,0.05921350820013424
base,e,0.2,2.1,8.284242584977749,2.108484983949424,74.44354107400126,0.5436997063775795,0.06428655909948251
p2,e,0.2,2.1,52.009729073144776,2.108484983949424,923.3656222641391,0.5436997063775795,0.06428655909948251
m2,e,0.2,2.1,0.1,2.108484983949424,0.1,0.5436997063775795,0.06428655909948251
base,e,0.4,1.4,45.85675682839919,2.3228923502043255,11.007871035485977,1.6661408341398931,0.3968625947740786
p2,e,0.4,1.4,847.6650250054953,2.3228923502043255,134.8732219101215,1.6661408341398931,0.3968625947740786
m2,e,0.4,1.4,0.1,2.3228923502043255,0.1,1.6661408341398931,0.3
base,e,0.4,2.0,20.73228820072201,1.5087596091785416,14.036297704716972,2.488032274638306,0.26729737224435324
p2,e,0.4,2.0,1926.6386041071928,1.5087596091785416,870.1567272813821,2.488032274638306,0.26729737224435324
m2,e,0.4,2.0,0.1,1.5087596091785416,0.1,2.488032274638306,0.26729737224435324
base,e,0.4,2.1,9.4059321311592,0.9936344198498365,57.56672696327423,2.73168971254984,0.18154536571746135
p2,e,0.4,2.1,1910.6803529641813,0.9936344198498365,8629.093608876221,2.73168971254984,0.18154536571746135
m2,e,0.4,2.1,0.1,0.9936344198498365,0.1,2.73168971254984,0.18154536571746135
base,e,0.6,1.4,6.861487568595799,1.4501112814221597,94.7933504631489,1.420781135983089,0.07973701558031596
p2,e,0.6,1.4,221.12373395588523,1.4501112814221597,5981.349472963637,1.420781135983089,0.07973701558031596
m2,e,0.6,1.4,0.1,1.4501112814221597,0.1,1.420781135983089,0.07973701558031596
base,e,0.6,2.0,4.575605293430199,0.9286825506397309,796.0336610774491,0.2914297411855091,0.05727808959418948
p2,e,0.6,2.0,108.04586948544843,0.9286825506397309,12570.384123456124,0.2914297411855091,0.05727808959418948
m2,e,0.6,2.0,0.1,0.9286825506397309,0.1,0.2914297411855091,0.05727808959418948
base,e,0.6,2.1,4.660814575007687,0.7250750523788297,804.234466111397,0.3356024408633632,0.07252007506118638
p2,e,0.6,2.1,139.98111487490814,0.7250750523788297,15727.832682144855,0.3356024408633632,0.07252007506118638
m2,e,0.6,2.1,0.1,0.7250750523788297,0.1,0.3356024408633632,0.07252007506118638
base,e,0.8,1.4,5.008285754256612,1.356189892910815,509.3158531427968,0.5655287740893384,0.03883041837075574
p2,e,0.8,1.4,78.45313731301096,1.356189892910815,10366.54901762707,0.5655287740893384,0.03883041837075574
m2,e,0.8,1.4,0.1,1.356189892910815,0.1,0.5655287740893384,0.03883041837075574
base,e,0.8,2.0,528.2708614587989,1.389372283020069,161.68410966137273,1.500173788745287,0.4540703622190926
p2,e,0.8,2.0,817462.4013497479,1.389372283020069,17163.817887587218,1.500173788745287,0.4540703622190926
m2,e,0.8,2.0,0.1,1.389372283020069,0.1,1.500173788745287,0.3
base,e,0.8,2.1,1343.9593653591542,0.9897545317078125,135.36841348765498,2.89856480688096,0.4936581300893618
p2,e,0.8,2.1,16869916.698488273,0.9897545317078125,249880.25936128944,2.89856480688096,0.4936581300893618
m2,e,0.8,2.1,0.1,0.9897545317078125,0.1,2.89856480688096,0.3
p1,e,0.0,1.4,15.339696517779602,1.4847384261128795,351.68163622269924,0.63286553409782,0.08275588243529738
m1,e,0.0,1.4,4.209283123068618,1.4847384261128795,66.82760845652874,0.63286553409782,0.08275588243529738
p1,e,0.0,2.0,14188.858343215788,2.17248358445547,19332.445991908808,0.8446754460225565,0.21028126352595036
m1,e,0.0,2.0,0.1,2.17248358445547,0.1,0.8446754460225565,0.21028126352595036
p1,e,0.0,2.1,17.754329578240185,2.3063278764339405,222.84835056239717,0.4760856232445801,0.06417936477127568
m1,e,0.0,2.1,7.151940360195504,2.3063278764339405,16.503340283632348,0.4760856232445801,0.06417936477127568
p1,e,0.2,1.4,31.2493721528312,1.891663990253761,648.1076484109541,0.6923233835042774,0.06529432970029954
m1,e,0.2,1.4,2.652433302982443,1.891663990253761,0.1,0.6923233835042774,0.06529432970029954
p1,e,0.2,2.0,33.02699247290202,2.139635583539658,678.2066186307413,0.49572533476114133,0.05921350820013424
m1,e,0.2,2.0,3.0475969995461885,2.139635583539658,0.1,0.49572533476114133,0.05921350820013424
p1,e,0.2,2.1,21.401888531427858,2.108484983949424,329.1201654310426,0.5436997063775795,0.06428655909948251
m1,e,0.2,2.1,3.911693936161046,2.108484983949424,0.1,0.5436997063775795,0.06428655909948251
p1,e,0.4,1.4,286.39923728152803,2.3228923502043255,48.16747629787663,1.6661408341398931,0.3968625947740786
m1,e,0.4,1.4,0.1,2.3228923502043255,0.1,1.6661408341398931,0.3
p1,e,0.4,2.0,592.5041829726633,1.5087596091785416,270.8724265777165,2.488032274638306,0.26729737224435324
m1,e,0.4,2.0,0.1,1.5087596091785416,0.1,2.488032274638306,0.26729737224435324
p1,e,0.4,2.1,579.7882583810658,0.9936344198498365,2629.0247915371583,2.73168971254984,0.18154536571746135
m1,e,0.4,2.1,0.1,0.9936344198498365,0.1,2.73168971254984,0.18154536571746135
p1,e,0.6,1.4,71.14016148478264,1.4501112814221597,1860.7601872132952,1.420781135983089,0.07973701558031596
m1,e,0.6,1.4,0.1,1.4501112814221597,0.1,1.420781135983089,0.07973701558031596
p1,e,0.6,2.0,35.61668455103567,0.9286825506397309,4328.338799791051,0.2914297411855091,0.05727808959418948
m1,e,0.6,2.0,0.1,0.9286825506397309,0.1,0.2914297411855091,0.05727808959418948
p1,e,0.6,2.1,45.25690466497782,0.7250750523788297,5281.313930921434,0.3356024408633632,0.07252007506118638
m1,e,0.6,2.1,0.1,0.7250750523788297,0.1,0.3356024408633632,0.07252007506118638
p1,e,0.8,1.4,27.041741221882916,1.356189892910815,3466.485802488079,0.5655287740893384,0.03883041837075574
m1,e,0.8,1.4,0.1,1.356189892910815,0.1,0.5655287740893384,0.03883041837075574
p1,e,0.8,2.0,245608.51000794553,1.389372283020069,5262.3242430391265,1.500173788745287,0.4540703622190926
m1,e,0.8,2.0,0.1,1.389372283020069,0.1,1.500173788745287,0.3
p1,e,0.8,2.1,5061915.781102234,0.9897545317078125,75058.8356978282,2.89856480688096,0.4936581300893618
m1,e,0.8,2.1,0.1,0.9897545317078125,0.1,2.89856480688096,0.3